1762563753
3088554763
1731246417
554954823
3045493362
2191124776
3223511611
115309716
602669371
760725943
1053129291
958163533
424042413
991011987
2528105152
21901158
2655874615
1218776013
2722199438
1547364995
386508140
757078050
944989859
896417648
1544245632
157267126
1045902177
1612376752
937250315
724882058
774279875
1349866781
2929091043
798286706
572896937
1042603214
595699405
1948239037
1300235080
1964353849
530693646
3572242310
2059246886
798554540
2545747755
1205702044
1176023702
1582467076
793804905
1757492994
3589933895
1129179910
1186860822
775532402
526457145
1965143537
1552072226
519208398
295975089
1399493945
2254458685
954591793
422950947
892593494
1280106238
284349155
434821922
422642881
1379022527
599990634
1165757244
390240733
447464031
1538438964
83174787
124922135
1972172459
382148455
812002506
1715439636
804385648
2245478778
2252620707
1819507983
1747097198
324001164
410473703
853936894
997979506
1452987279
2857423125
1327537238
2591348288
1129548100
1263057522
1129465037
1183933694
1033973748
1072595693
2835540136
67841382
978436744
2602718500
734556459
932906971
393617467
790097246
3601397368
1342194594
2310395665
1187171440
2386924559
2274229088
1739410206
1508363603
3293693509
279268958
1210175475
1004090021
837569495
1130180629
1309944832
1490875391
1124310263
924266501
2287158876
648008759
1914677560
2856503966
3484673027
2536736423
2504884074
3497434598
1366947338
1014257946
532512540
2151793863
926435164
2549691340
404216113
940947367
1013090430
2668031508
1579715712
782797811
1336748858
1810826525
827306135
924667223
931948972
519758449
825631859
369126371
918799619
2712255346
306606425
857231549
593434311
1138598333
1252078414
1028586985
1903475574
794016875
1250424512
1605890139
1422976782
298024029
719643461
657862634
1206552873
1950495382
1255376541
1187218985
927735928
492679155
89236238
609479913
417212427
3293559920
279077389
2279687479
1076125577
576884674
1501080279
1635358628
1426618875
627499126
175297107
3291017339
753388438
1394005686
1193305412
1114379810
810587378
1514003642
809363681
1152213456
1210649840
1006014247
1107836296
895423861
610508360
373199695
1437295734
755057092
334157211
1030261504
454308827
2820776481
2846321049
316656940
389557220
547225079
2941395613
1226388878
1393287202
1249835048
1209306293
593970882
1213294630
1071238377
86192181
80311215
1274835672
389357348
275959399
836426094
1987742455
3569586809
1256613452
324325000
434234360
1392919737
969842204
23254018
2356350151
2434519077
3278944840
1503199950
717983158
1130274455
1096220376
3584547269
2818595732
981791464
1026472070
1109364825
3477348586
739515255
2635221298
812686347
990687261
1055697382
971448509
1340141873
564485306
877300834
332159405
179049243
1098826090
1029866044
820631419
729853104
923037840
1115952354
125406261
1035957005
3261119518
769850844
1791003550
2408336690
642705520
1299605182
1165806119
1216663169
82915332
3156915660
1175433460
530452049
519289929
2293400309
1524121989
2099954280
863008958
992796460
3232916664
3280942732
498929597
1057008707
1399232621
2936803717
842747111
2296772442
1582301125
1735940176
1024165134
524893114
824873155
664341600
373848782
463174858
381048836
1084524791
404100691
494023471
1141430831
1617219939
505200470
465087436
1614457036
2071510561
1810378740
876647132
641937923
2214567558
411017213
2458032734
877394589
389824292
841137341
1120704802
3273350938
2325147575
861624738
3412839781
879139841
