3189766563
2524965201
1910109065
572291167
2838791189
2093440643
1280892254
499247020
275488770
1875391267
632386583
1691623972
2539914999
473214588
470285662
869273049
827986280
358492589
2601336715
951020701
591347134
990397637
1187240993
286598966
466718611
478040978
651633642
493302046
3161025707
815491295
1069355829
1306167953
46267636
1158028367
1049147902
1049154785
731137875
269852578
562103874
417045158
3492159689
1343497749
744891390
3393141148
584415066
450768176
1364097153
1565150757
794384611
353554506
51019283
1695523297
871983594
540046661
2369940632
472780551
1625435927
2055653378
2550677462
172721173
270768983
513151396
879531595
2655537789
2740588426
1056355752
916044688
280228303
418389818
897603022
380798413
836834283
3391622007
920491071
294717629
350456985
837261544
798990255
3486910198
316084217
1291407533
187009295
995365715
1977907272
2736500139
836721195
4690816
1290831507
644331530
554322804
2907494483
20334327
597144071
763596974
1720513491
211789390
876179824
1247748612
1350806450
598326649
930814389
1021851314
508968584
1126413929
568845168
505857752
421127423
451064690
1451463969
3208393020
52100141
1214022160
1474605418
495894925
80902630
1576554670
1069461929
2489172753
540403663
1057943634
770153308
492371030
1350091401
841747840
619982293
501244968
86665247
977927559
1103509234
811571667
379119127
948485496
3556322857
498882312
2793226792
784811843
975520251
80645987
974864034
739544972
137996047
2192925549
178320049
673054382
422417537
1527604318
510087153
806877274
1299173601
704663953
1093607758
348356711
1759024343
387607980
1377639442
769258580
3512447547
842273847
1441433264
871325148
982283548
376808987
3448823077
812143550
403562935
1746187370
188123134
940671407
908852534
2792590202
2632790902
1450701256
540961368
996602672
1005535488
310550078
1226294653
861953190
1446684220
2140089382
940411727
1099155429
418714451
228744592
1192728018
280690956
527950554
906746607
137275814
277471776
1149827860
644153518
401619741
916232476
1547103226
576030418
944593288
1076231043
648374605
759252738
1670491921
3103792138
451420401
1013104194
1070085256
568897492
819406300
986849929
398395614
2464512446
447585986
1097436910
3492332891
1114181785
1442721081
527261787
1273748522
1446048459
465116038
1132559107
614532563
1045373466
87202249
492235584
41420872
250317189
421919178
852595181
1141607810
460544826
2031854641
844846746
1151401109
1216973748
3222936821
1355442075
1830186498
2315112324
676037567
2997676578
1178871512
1061127956
1748681439
327040460
574809303
1067946977
2077123561
848602238
1565057559
451176825
1145285486
413254325
1204604036
1067687502
1990827412
2413187243
1576307797
2608927151
1273715732
630011342
3241492310
1402428165
494062073
2283540148
775404468
1006433925
997823512
545316725
960183638
2237796210
3231068013
391032473
574702152
1125168253
897190475
597262012
1061683512
2021671406
824811408
2524098146
1458882634
751891786
419773467
594318101
476954252
2987531360
503894305
2295866824
951119439
1315609144
786594814
1527896294
1840670599
512386080
405421467
302601834
838235262
494051062
1810824959
412892053
1162937065
2069349458
1749531441
1599789125
779013279
1358460359
894812391
85073045
1845040778
932912474
87831498
2077563902
1436037811
467719166
843683589
5032928
2746571865
529189527
1756243584
528397553
84416281
1760041313
1453912489
704329038
609597130
1207734468
1143144598
1210588659
3486741322
532071027
839699014
995078513
1424274840
1589445926
2499963628
1228267639
1003590782
1506659545
2401509087
97103184
578232582
1920654673
757387961
644327005
471493996
408688964
562254943
1102428714
2623992387
3202971905
2630198741
522761613
1479171863
1940856771
2726492626
619400536
792301982
1173733326
3323896384
2795733775
525244039
843834044
17502977
1131079461
3392669395
2744211681
2101348712
1260353224
514058760
982483744
395015856
1580660181
571160706
673712786
1162523751
2669491744
531681372
494514014
491065390
1650294306
1835369280
710159460
274489985
1162441935
447172363
564778897
123816100
10564711
779508400
425715008
287220978
1049367221
735134962
1542254356
390416867
1051027178
1076440430
1079011291
2846159709
779300698
867047792
562664496
1017560100
1522034695
1024390259
740393778
985363932
546619116
1014957998
895034978
2235422067
1024339051
1910918179
892746142
1921534216
904672606
3132279242
735191479
850507383
1048199830
1139180510
582059572
2284775931
1150693181
1719751430
1048593583
3500691299
2544886931
3233069648
446731466
1927033864
1742691669
1370500428
872213775
761099707
1151017080
2994961385
965524991
953424918
707385935
956361916
952470866
1223542912
1640008400
1364011579
156286810
758841765
2224749495
2420430689
598704274
204414423
368879361
928302203
330514376
755731262
2273902448
1608483232
2350282340
1819049649
570558583
1430533056
897675769
275956173
812573206
19473411
274095778
2593766043
1902115681
178183852
1113256304
207176788
544356779
1594287557
1501484362
52407189
29998716
747855083
2539561794
740951779
748285366
117148300
1438911870
424780795
1764681289
1540836832
1147940842
815092532
429763323
153929962
1138066279
1311344898
1015675073
2543803774
562078401
206742201
931253898
870311511
137013743
782797811
2918132363
752229036
2726352236
499856090
447205029
86933255
3460817484
754383904
1462576944
2779393822
545281948
851257040
834918500
990687261
1003807869
179197563
1633215419
1292485175
773636365
2455940566
76414868
457705137
741034766
346225716
724771653
872941539
1464227498
420250899
1670302225
1735940176
1214386868
452100105
2863758799
2223136131
656927369
1540215426
1653183496
875570815
492797035
853885165
1392919737
1757548534
891988214
1055223464
1298019319
670702169
2711404165
2625487868
2232725011
2290318555
214510221
1141366781
2994899095
2480109218
2394641125
1175739227
1791660695
382022965
2515659037
1943320157
381532333
1415756961
45358172
2654910062
3424708205
810226001
3002507254
2693984922
467657184
986353946
1650563029
1005267096
635613319
1413786269
2478349380
769850844
1850070611
2112824843
920292914
1696788869
1294844426
475952074
956431651
316063140
798453501
405932243
2083701389
584873691
3315999133
707524347
286551829
1218980814
273055358
1693843033
1447780128
978806986
853342669
3442370645
1763734039
530407911
1414119307
1049994979
1262814186
916805807
1056314392
2515044616
386725611
3326441317
634430121
1337883842
619581574
1187557832
1739640633
1285970862
1838097952
903375161
1246165945
976371191
1041705119
1604372872
465717240
1953787436
1354971465
1729168290
414608192
591210216
2787359918
335840565
1255334614
1216391034
2802137308
564929396
418761360
1078358779
1309956758
727493414
675839352
2663976081
1256055931
1958318597
1355767057
714026326
1165806119
2804210478
1653164960
1591164016
1982667646
1003266528
1092811022
1269494003
778991591
857231549
376297523
602618761
1217134613
751800671
1763049679
1176358017
941829379
