380861665
649520524
3306892203
1378968221
369175889
753388438
270453286
249945345
123656048
704646134
731962175
393199740
2306819258
1037415255
301085344
897363054
3050591934
2826631986
630089625
1810378740
529444348
819311351
1043955906
707535192
389379445
85864761
741497571
1653470179
908811033
312468788
327287096
3460891810
1084398000
506056192
461005741
313554566
563777634
616371507
84394580
731478696
1976078023
1013290157
1045940443
820758481
794259842
775149824
552409677
531041610
445359142
1141140635
117318906
704107469
137227044
810768362
409011284
529444082
938484725
1126306938
1452265861
2232727514
962487071
2277939035
1336098131
506005214
444287673
1648289833
292261933
136832136
1215189391
640671736
304942681
2533872916
1136075171
760068620
1612841706
3341263473
494682083
544258909
309622694
1069030233
3330914335
389455215
524413982
529790314
837626197
1054527397
491682939
445285168
675068465
420311150
807981946
648672108
1036014410
2720096772
2874044435
597077455
3175106458
2944885997
903526844
2351530755
1416398057
350626947
82693409
3181355475
409167848
1368960836
1182754624
578046656
920679573
120138380
2881733701
1500805164
3030876630
648382748
982455714
2494629475
236678390
1551175438
568324690
247917743
470619217
279598125
597084539
1007163193
1094825926
2885460311
2430634176
893995216
757850820
2639282851
731032177
406144688
576851285
239093373
1315657491
1909471012
745138709
396078775
2532264976
601203759
10646153
253903830
1217497065
1098749722
877300313
345936927
2219442747
1096410987
734083881
1229031892
2499681846
2466674148
1178087899
1028306133
623430738
1084264639
804988657
3464252914
719213383
11082046
347228278
375280235
302735803
3427888646
1526088924
372086270
1017304447
2216754109
1487794459
137666378
894668205
615915524
7437313
1025158324
2956644865
506546011
474025575
925758413
306628321
61348231
3038085918
1091470310
344315445
2608086516
871947281
1963067123
2518372191
839162257
397739185
1617276018
404523872
1138051649
1944633835
1545728868
41023517
404215374
413843833
2224203640
1796111536
2967669420
615854008
776919624
1790442781
850708957
331701678
1760908839
1473057944
420421951
278643823
1406450385
551647899
792719448
1640516335
202347958
1076990267
342576036
3025183560
754941039
1145397102
313076920
463583942
3408896497
3371792366
2811639919
1592158748
965234638
2996995563
786245132
3213145757
963725964
695260977
769335806
380463039
1325689099
88654096
1005314311
958832538
372900338
331057591
3458074594
1172784417
836838055
867925776
178230191
3210453728
649882107
1078959184
2257293940
3122804969
85454115
1059846970
535798943
1184638969
526611191
3499162235
2139005156
1270049721
1163674134
398326238
837058201
1689891324
97135506
1252074702
769274630
2436791148
3567156022
3489602203
314918062
123595785
1113098707
812860165
1725447305
1825817826
535820909
99238538
296771027
857994357
1871676540
731289025
597966823
2586193965
3026308506
122209722
1973536419
290913716
7374023
1543222899
727563397
1006014247
448424673
907769129
1193257300
407445532
514052737
453439364
646824598
1178917741
393795916
747206187
1225279963
1121318147
529864495
1060225051
1159038758
928675426
294968304
1516563026
2459666474
910626002
1397309528
121325818
912750125
1172064401
838609315
2640957660
894149249
2951369138
429489354
2048876995
493557065
630248421
2935379837
1242770395
2694281575
243846821
1152366636
1003427209
690919833
695587524
511060949
980683646
1050473662
1648693198
574882084
121890587
2684611073
308151675
554038218
2439184696
1451023861
2977013525
283231165
2965313487
86160501
562032124
1989928366
1054076455
2718920912
165395038
390931229
2499618599
274962621
731551178
317795096
1956455754
1503654832
813739453
164508493
1374573927
774670086
778099043
442684099
1423691947
290906377
669880521
1953787436
328267835
3228988670
206742201
645306662
1928323988
1420293058
991262331
2623920110
2869872767
295552891
2298014726
1054987798
957207396
1074192588
303123705
2865604650
390643745
6788351
541988199
2511127289
1824019028
372555750
754492111
1424833655
596747055
1847930078
1752511510
564046862
1296470919
969634672
2671268148
2910787416
199092929
2942473126
2394971581
940933073
2272523107
974543002
1412194375
1757173588
2436364255
88785703
2442405620
877692527
250956810
1178871512
785632928
2324803353
1039928173
571197200
515087351
71197168
33245066
1090206805
1013005308
845576165
3227638640
1225652952
1437746456
1572834916
985465794
506454708
1129919806
3318643098
283475236
99105337
1066849206
512831716
3466214728
1003109829
596921617
763049060
1091227987
54462068
1252540921
1346833349
603017221
148412249
1056540798
1025918804
435786037
124470118
1792539263
1724303513
276845317
316471945
710437978
2257878821
1516499114
308696836
492415761
940630578
1427596852
956982085
283261303
1304957443
528331401
411015475
1044199722
1977152176
2573317462
837204686
2413914266
960966636
452807349
704669594
476292404
776598534
592939595
960355775
1154340681
173742530
1249871908
1216882581
1302674076
260968649
876094705
875430176
601446234
1311546921
2205747871
2541224170
1790959410
1330154737
226300282
921789271
1515470438
413761802
3232165810
531513033
949176599
364551439
2921774320
1437530497
284647629
3460817484
2636932957
772889478
3392663202
1978912861
2072890753
763443895
1771748952
1156391589
7866995
987529715
1079364003
690457719
1668085585
165243335
1710353485
1370797515
648764479
75867757
20723113
763354565
243539594
923484463
471193765
937258287
815490913
1007387447
44574790
407226493
1174509390
2628089109
1799961264
578662736
675071772
371652929
2635481328
450723430
992780355
891915210
187206574
1186270060
905270366
2279833535
736317205
136536198
3465703902
609053578
1723742002
1021427817
386228892
2456660
944416358
626456208
1103818874
1002164368
756658003
786780238
582889958
792969703
3076800481
344864168
1149519156
1009428762
3238002068
492930161
274080903
1053581477
724674069
1175176536
936283933
1669695673
3200604653
984378292
1006202056
635605618
2071521235
274786338
2248480035
945763695
1687766173
379812573
1170968701
786792383
2284057845
728297940
1003895846
735168464
1114654709
893036410
3282731299
928851596
1044964483
137472810
1021445873
1844807040
461606742
455364889
1257594255
1051611318
1076143369
916341565
452509526
1466973696
2024749291
374927719
2732892737
2020666940
1002597388
623219976
947948360
893369678
704726392
1091174921
313414363
1056301602
369421604
1123335219
2532559506
247088286
653481241
171905167
1463750511
472403608
464660051
1297055638
1442768909
1446769314
807288057
576389927
1134390339
974441301
1041976443
2606892752
452144816
423318024
576990733
1483825476
1578985908
986938041
243152723
947601464
913338356
156828760
1229816925
1320020962
3135184069
89987762
1193059535
1487776191
1391800612
1009431383
244684762
7942895
578947845
376102636
784992123
1260651108
524965829
1160404509
416107451
277545027
3399193212
593133081
414587170
843778361
1078682118
1613034200
771479672
372344858
2517230090
119064824
601483864
2424678741
499715548
8540318
122662989
498929597
1470822572
976000584
497461112
365457632
1196493669
524306020
924761163
554030440
552530267
1194112429
2240833027
526346584
1393112204
450316072
172954910
2619902
237615915
173018304
644556636
394402107
121012849
759959745
1061367718
1259107694
86756260
2307262834
1178202341
3488888808
526188437
3393141148
252424602
3068628526
1556880760
1761186788
171946973
984767284
1536543028
834791368
1722188071
969083154
353502791
2429232089
763795909
1493446087
915617946
349631670
279039687
409657817
2625719279
978231392
351660987
1127206617
1399477504
990037598
2461927976
1486904069
413452202
373199695
1016412225
635592506
2453019700
949214324
1539309671
2477059816
1056213755
1160816070
2628089190
771299428
1458527872
343123814
782286773
441890837
3062901140
791521878
915729629
1840373414
2938454300
1426618875
119434412
1074491977
394094800
594829705
6044013
453172109
2914761781
2087197113
1481860373
958038634
865400969
3457845275
447585986
2158406528
1977440654
442672945
623719744
623816554
1586743881
2508146523
908162104
1092870569
1286506805
925808294
1304636468
1398921176
574418097
1336748858
276878337
532112333
1026459248
1226922326
283841448
2573431004
1369302687
2070435732
1010185094
635914108
2513192302
865498311
1986854395
2273508473
2585162970
506504576
3041308340
2950053680
727395996
260001689
215419804
761379668
1432653639
1140438100
905842987
1725321708
274133080
443685006
1175518876
923981192
2399410165
491712565
17115699
414620221
1013709463
3502441457
1173951491
1873068647
281307881
853986573
2996395933
396998470
704213848
64310667
1125168253
657387070
842530698
258031463
599262361
1364152786
1782740687
535794690
1062379017
1536423421
1782199865
2630205179
3040529730
1258238051
951619638
673235423
1252940075
2717541884
2393961899
2638865572
1278859535
839674900
1301683715
136004714
1746187370
2160367601
1075458586
1208375953
2447573952
3569586809
546131614
121361930
945345253
952143175
985584983
41101705
562531843
1970208907
617463436
1109851361
379842332
704255211
986315468
417814382
593396609
1127274506
1129643541
525767946
390010431
516332304
2293346008
2470599812
1418604411
1219946536
1919949239
805448467
2764706737
294547452
1400284048
3036408360
1127730101
1211395513
1198226632
1016763060
1047533349
912775579
2858785135
1052549239
1437295734
455938455
2966609715
1304382389
1715440343
3241492310
1390791745
2313551611
1002621643
944457717
619516942
625874165
1873122009
3431862531
1287980206
993830690
1063080475
1104811477
1163582801
762103033
291981127
626826736
690651299
2601336715
1142283977
1252286030
469893044
625511431
734137608
694466899
545647588
571223494
1239148110
1357953823
2425300822
602573743
2717486369
839853185
210695390
859672223
690569504
1747869635
380756045
248876078
1433157197
214948596
760195799
778695100
759798526
382925494
752653966
1563424260
826280802
404129604
1033315370
2425455884
932735936
3246178780
779097992
2396380860
1660440617
2765514905
279641405
709420677
435323646
508974687
1546229192
53416211
1342193014
204698630
2208559796
532494750
719932984
1049054285
261812113
1373611630
1253619349
1784179836
1938814845
2819258135
185740712
642285268
1823162065
840079520
394527551
1315129111
2456679323
1193289895
731922928
437124942
572351023
415025086
954796427
2020512655
1101110607
1987859968
604136913
1263204666
927200903
2663026269
654635459
2941209754
3141969041
1599207028
1141258345
656756490
195177455
1569316307
453588006
1404365372
1519234211
1124906518
396984464
317923735
2694633755
179580626
3225503498
630118414
351249285
2546958450
1373149914
506473077
714826565
1321513436
249900703
498057262
2207519423
2524808407
863842342
857193777
1634779959
2963033731
2714754913
2641276995
780318511
757690299
1258760737
274631136
148116638
1146979898
2066295589
873632366
1398628754
353286133
1293817682
602726118
19301240
595239128
2858526497
1187800629
772734871
2213534342
1459736568
2687175223
867153576
897135996
923761054
2272607774
1477683724
1134386961
228397671
1747789689
386782587
1799967989
276571276
515730650
1016729153
505920068
578927100
1260434535
654481088
304775988
470666506
506964193
1072912454
937436372
317700250
2562012671
476412784
1240781482
3575781034
727538341
2590993612
2164539739
154646479
2547254711
1796562323
753067115
1150367820
451901250
961942791
2677267624
308123424
718585979
254779114
884752431
409540515
381212903
984643961
1468385771
2234898026
675738227
956641976
2011003040
973595021
529022126
948214675
1165344660
642138344
1940088509
963082268
807136178
1146941596
854013212
1414268194
36917663
314954609
46605705
522676621
506871736
2242973946
1427703045
3222936821
3349814379
2043514814
1548182319
674717204
419654476
1002930199
1939239057
2438090942
635540825
854736694
990025848
1030261504
498770726
3248185209
770656540
274500249
392385510
1029566883
896630054
1364234027
673054382
3404655925
11758980
1797531513
849993804
951478487
3125659849
1085054883
1025891161
1262859945
1349450835
407045038
624528405
843962534
294064565
209096727
565637311
313280835
512444513
244885462
1170041523
1923877546
985061927
914204907
214785282
422362916
862976429
2781480956
2637718509
1002182324
1126751602
893055700
1487225348
551961571
1187671385
625707420
505306252
371691638
1849994161
2639548187
376906700
1220445509
254610660
1337737960
340000184
861128272
535567352
648074155
1179356055
183161403
734543358
2538277403
284139796
1475133024
2531646835
664948894
295486735
1626231093
879622532
1144028063
945973827
523695049
991450259
591446594
524355575
2385583524
283240408
954467538
610578258
732651518
1229285256
3113742066
779518449
1256622929
2606529150
313368149
462489111
719359399
634155193
2779816148
2512528908
3065186094
464180170
287827688
1163195371
909097743
3139676873
708810304
2390665365
2440714808
1635253320
1173531856
908772895
1220415593
783593708
2374350503
282639838
838858509
669156096
1412924982
279468134
984871817
896944961
630280136
906149467
1061729551
754375237
503987969
915779497
875866246
1577243975
2895269072
2775194145
827370049
993498039
286599136
850079985
1310708149
756825440
2371303401
449371233
2693537379
1762992978
2208180067
2198440537
1090975643
11772686
360920105
648793111
2143656430
2228236164
729079106
79918749
366187746
2050130896
3168384049
1964679071
793395221
2534389652
1394227793
1722426922
448588882
343757363
2429063858
455752683
2542895347
1171581066
425212841
1547147956
1456985931
201736242
370082065
502656259
2716210490
164761867
1017697041
136625579
171751354
1919921408
1299750973
2025009859
694104630
2925697316
1223752741
470192742
815412444
422764659
522931531
599357591
502835218
448344280
1964039562
2650015401
2205285050
272492629
1124826137
3212440051
3400706762
1326628437
596611048
179535644
754572869
913383596
253218506
2214529752
979244029
463009334
970301442
775444089
3375586389
694525814
857956556
237510919
1593625990
1974531618
329681067
702504997
1041336509
1197764932
3480419901
1498731041
1307545731
2280606899
3168983848
137744049
326093153
315495146
305563535
475143764
1076032829
1242336237
2247782601
2664910529
717850853
424267893
757903338
23254018
1151625576
82956574
947959576
2448542306
1985451446
563725914
835825075
1648396205
2571502310
294907986
2358935633
2432152003
1016974898
1638201965
494750995
1589637716
942795174
2571801095
377649281
115550122
3106085184
29542760
871491733
330796134
2198156531
983120661
319128988
1394541013
3404143645
113556450
563603580
2654968533
2791267875
147697541
39959005
931766894
815116506
1581538860
316265625
1138447637
2440282945
2722820935
1713063897
1137813212
1321775791
2965178040
1353459000
576623765
1253799421
1636922827
474501968
396158078
1535226125
492627234
3057599188
3174536427
730016488
979154664
1274961228
1138224810
1209306293
1010845659
3174968226
2035999871
89236238
2575378420
854115300
805106886
2336460718
820786562
409605665
905370776
1251666248
251944346
2758180224
910700478
1738153901
1561227735
1139131982
1580818917
253985619
825800608
850269532
824905239
1252086785
1196319567
1097979640
307215151
187175546
1452601538
1294707632
287554613
1120527488
1056478282
563684919
2746270648
1376005213
403269145
1127945911
846333371
1360264694
1535783491
1594514210
1229670458
2724939751
936603160
907246451
2997487948
1300861884
1765684231
925837183
1907359650
936086942
1003312535
760019014
1191215458
1620326555
2942681379
794613165
503924173
2929350776
1814413386
1575310680
1903516030
1042651817
85805214
1099004107
956543875
1394544459
237731947
1540970049
975481319
755293352
917532427
463243109
179664331
1654002016
476793382
2512192786
1178564922
182114991
2652050895
2043078895
591267574
3352788485
935315520
384021098
635567988
1156994256
602417263
1299344846
591970335
562403829
991788310
252023723
2393009916
360021615
1829934247
1437498593
1637672354
307536958
1843981971
790013585
936111807
3329927378
754616058
2245584302
412905523
864256416
1561192122
1171079961
596671530
304071711
1298577354
347467356
1175069074
871691002
748360632
1255012817
1518243235
353071437
1191390261
503165656
346049861
21238014
1301490618
1969594931
2799745527
1724852741
188806484
927735928
172184221
1445439919
1217584374
358544104
2356430623
576137223
251766430
1020099571
674698971
2905745085
331057461
806776986
2219945910
228282416
3099314652
1833382740
1003033042
284001384
444843537
1653164960
645479206
1432605387
1786150517
852634210
164390708
907887446
1872204071
1334419214
473739678
1579533413
923103984
812686347
1295105315
766410865
916508984
1010693431
1607485756
1351364422
920806236
985839126
251309136
545793774
525954243
1140836400
1405865649
2606179909
1796044895
793456906
2692132992
2507506229
1538630912
1440738649
624234076
260926289
597886438
35079628
1179574672
992053871
957250134
870194104
1170507875
609381770
1060067822
1721266927
848602238
1016762061
1135293922
903188728
363801314
1904185394
911145230
3184304565
1072191040
811730373
12198112
1500025100
411271407
934857682
281019199
1406740885
1447780128
916663641
1246659374
751825253
1402864115
383920047
1436981509
1927033864
1289269679
459848476
360224101
524066620
1499762841
251754083
1070723711
1160223770
824811565
923688974
707146450
1179085496
443951564
964708432
877721636
1691797220
1184560330
1974442776
578893621
849914607
2598704248
790060912
184183931
610974869
2210339692
305208473
410864665
1017988303
405871310
1615358835
583667514
1126937086
1058669634
656154540
2236967121
563245274
2224065860
63112272
418022662
192622489
524775534
3120108166
771719526
919183870
2113716843
940376787
820422898
1425696952
873637271
809671805
3293119506
1355442075
3601946628
930151995
732021519
1342737614
836834283
1069994866
994842030
779459686
1751127935
380078730
346775493
1041952383
1161571316
897090697
931095856
920343104
2318459050
450629234
451247383
941826853
1611799125
1416260428
20562056
1341586237
756932563
1320052471
550724726
452900669
2466980757
406714219
1159913387
903294996
302807330
254712190
724054093
3494398581
343556182
707573223
1304708948
2131496099
742721388
1819486067
335095366
1248021807
648990148
527326554
613782302
211587407
996602672
504883056
309166482
2970768357
597146430
782934788
528397553
1053175812
1218431535
1061563415
644153518
528401522
1406181239
894368224
944121001
1538185017
895900085
471540536
1505824535
1479791123
915398811
390504943
690424890
347518048
223046036
1160809039
1028353944
1552761936
642998881
545112756
3273375956
2376388124
851312355
1584541746
493572374
906107035
540857379
932448869
799575318
2811120556
2966731509
1164185597
898808806
1427355074
1242307274
1161113256
838571240
306026462
3321669628
985139088
719577684
574260570
1792463586
807803441
3040292717
188416111
756884223
369204771
1780940361
1979672294
2378827032
486007612
350204530
1009518784
920605044
79965419
2226846894
1552651897
2320028912
1275477217
52356670
313916954
908013067
758239531
1964326366
1051340616
1263384544
250189474
276020715
79526753
276500058
1131318955
853396771
857417131
270996359
2779393822
1244282340
1260884064
1158807450
412507728
2919677109
304482692
690004467
825210484
444641554
786957589
2753756995
925103823
1251117459
1433978606
404075072
393321903
75804184
756075883
928758777
1583097765
1757924333
512037894
563400774
1477498451
897047244
328112413
417461462
2502482842
694442856
953110191
420598715
940947367
2445943825
1318241742
1464802518
1306170678
1511971110
2471496439
2825773237
782548636
742639342
1911603424
779023577
1203999354
3078444170
1244664184
2644957160
601311582
2285371954
2805238075
2291721715
1287033802
1010400167
805757417
1106316959
3230996319
1849625578
717322559
1649071502
3522974291
154986284
1627733417
1808854861
1957487815
896041548
2553397291
1715258883
757919955
2474182232
1390047020
867112907
916086798
2477946605
915519469
704097361
494522933
995898355
461655979
386725611
1577719014
2671947427
174887837
1435539309
2738106945
1074137397
597904093
511205380
734810206
1911930980
995733865
284932674
99502159
81530614
804692395
1297224957
362992069
597086879
475325422
1327553530
1621402776
1017219445
3520964468
1934394876
1010874303
3050336725
372248040
376976173
1030052147
378982343
593434311
1430223785
1260409282
774040171
13969066
1961580372
753041181
1052573398
1032916944
1017254877
2176676179
1535094683
2709875760
939037287
1205340636
2409899117
2071985623
316063140
252818807
2657861657
995165801
971807694
735823067
1328626131
602002565
838097418
572840578
377293004
791398818
526900543
857231549
3321866529
705275010
3230664122
779425102
774606938
119565783
915458370
1403177047
1404735026
347843976
1479432938
991972128
260073273
