577180037
254998113
1284582961
839460796
550724726
121927092
385124479
1280892254
982508412
1058490532
154188826
2268538060
765921532
642648116
798509713
105440550
2277839278
99795310
842243942
744297209
7068853
1621630063
330779992
1933004504
1095192336
793729558
1101844537
1175624099
763385278
737382612
1742691669
313402703
2353096388
1902291501
1350099543
972849139
997181512
572291167
615681655
85906545
604329617
377185283
601599142
710437978
106653635
1454293128
462129166
1458527872
1920473282
527455120
840079520
56191948
772541081
775437066
491439423
1069594223
956406322
834058175
540693876
675547078
2328730842
316044218
38342917
516990338
283475236
1061481554
1458401703
232870954
171370475
724261296
1973536419
1974230301
1742267574
445974123
284286512
877261214
1598541954
1158590709
657765426
1456690102
75342509
310014767
736262201
381695573
951742033
1454557364
525755869
812256160
524306020
928643020
1830236197
7437313
450768176
1191945054
845628631
956645947
496107216
1513349354
2351625635
18426933
123320110
137275814
1025572932
1114654709
1075218458
592302116
964999133
1220457839
10185014
2312366800
1427703045
2064329559
308273315
935806980
1182713908
2048778350
1349804318
438784712
823863759
1325710474
849148060
1140752010
415025086
378384328
1197977022
1337525499
1253103528
839212625
460544826
1640008400
1925757357
331442092
17790972
1360689012
1915414652
1055849804
408686338
1285053540
1005848641
1779205100
451241031
568044053
1085284954
897837281
565449016
1792676463
1020884351
740264152
864777024
1457736823
784949478
1761931868
834481189
910417257
245166280
670094436
1252585790
906746607
757507103
173463550
1473781785
1150637850
864847019
525215713
1669866237
2094951934
57130046
1339295485
770717901
470562675
251693108
438445372
846997517
841932800
953019118
1265361232
1223542912
1685576879
1605739407
1569472087
602375214
632858742
1438902194
1172783060
874221969
1378453608
995228841
32332875
452109319
347668486
1430808294
1429577264
1716330117
654182988
1064598684
81719884
1099155429
110104402
603997262
1097354495
1026017281
594538366
273531462
461606742
928289877
957554415
2093440643
2399045510
236556626
273672981
382792552
844095419
843588031
1450701256
81316301
365636615
574153393
275488770
1925209179
941686530
1569705438
1098668564
744698022
1055341074
1156812033
1277426816
1228792494
1521590907
2301654331
362794777
1039578112
1379481492
1994295489
844928968
937130001
807659905
529455883
1343497749
970933732
2066295589
1518750975
398088147
253630756
875866246
584191790
382406270
635992897
510209247
417242459
761268598
475121906
546271042
746220034
2120263292
1265205806
1691623972
1049154785
453145157
473214588
1552798066
484501
1205834459
349409
584111273
70000764
1013811125
737546629
1069355829
1187240993
1311176812
1292473413
276594201
329804752
70000763
1793021110
385576151
731137875
750228432
1342695801
1614722306
1352498772
920858480
188123134
1806884601
1478242115
1937797278
1364097153
939039542
1043460428
792338189
657766168
1760908839
1173733326
1315640667
410635270
1522920097
502372873
1466722091
1139283306
2310338305
412203179
2014909421
1439245003
895084093
1647415795
1340120938
632398801
501695405
1401271211
2276997077
1612539278
448998311
979944089
2030457926
911977504
362192796
1490827747
334624202
393996085
1070148619
2312969965
281718371
1955686045
2081035701
906517534
1181394750
124550933
365214023
477694178
962242878
1037528101
1042994102
1280157271
970026607
1356070047
752306614
504903657
420268910
604067506
757090615
1071496037
4690816
1119045520
542315982
943567166
2265501993
820063829
382652303
309879964
1070402989
774714440
383952780
1390673109
1049115182
995396612
1030053826
920740928
515186469
402605042
87941312
1205908877
943458982
463279708
1291407533
635359737
1217689701
332996524
353889175
617580885
874298842
1016816610
1715409226
916344831
601216726
1527563274
280838061
623888469
2267525200
1504301979
437129649
2161396998
805017595
494760714
923565911
442014558
727216218
1607996261
329770608
469765330
749853657
908852534
1138027478
690080900
64391331
675725519
740077841
993671625
1115145742
1161804942
279483684
897603022
511756089
798990255
540815121
1213345160
851652174
442324094
1974462
976880638
1473491003
342564222
929013002
1482675166
2284322894
1832876382
158086032
834571912
1725101736
344950507
2254958840
61045870
617144395
617979329
1844132915
598720002
779441436
747074050
1795171114
627965637
358276290
562885407
506426515
837261544
1078715422
1941325852
1322395044
740626366
631962523
1070963419
673080885
1054110604
986731375
1129047234
1641055725
272685110
179310009
785632928
852035224
1103673862
1140821497
605946154
864021998
568428443
924596756
391324751
1823162065
171213115
187009295
252894613
1455206488
1932197667
156968415
1770986431
1780243840
854062520
295231986
648533386
1215192693
1561741669
1977907272
2304744123
1125428631
824408163
619287475
250361860
1942489490
1694859314
811852552
1874609034
350456985
969837317
563293471
498882312
1174795617
850190831
953435348
938746417
1655079320
120575104
337914594
2256921881
875170777
504424327
2111507938
996335230
573401720
410030710
390094736
545517845
745773769
617416791
1013398085
778099043
2058718139
1715120163
1203232547
1873747802
949735227
2284775931
28105978
920491071
1024202602
450474007
826043852
792949963
1621134125
874071494
244923242
786265668
115745453
840342427
2028142573
546565722
903672016
546479075
572596459
954483869
2286898744
2430555
1428331367
296143205
289678477
741451303
397127656
1365048956
964531477
1642487217
838770829
1055482519
54438186
1126588009
602112406
1615728181
391595714
794897705
1604507826
286805579
1115196645
1743600560
513151396
3744340
320126710
172721173
510460173
849595439
437055617
1412198766
542809030
1531462664
564354093
770825514
1356316925
970365837
1257474371
896663789
853404525
952627430
269394628
897274321
631872836
973549268
441605458
804385749
154867419
1126391805
1095463052
804327984
274844806
450352441
287276013
413638515
1320259466
354595655
1531027156
1014057907
623241041
573967889
2211863177
974740928
752231513
1458707775
79360404
254097143
1907614844
34288095
303313523
2249494390
953279152
2298876426
605785383
86423709
18156844
315280333
66190873
1017974356
554322804
1312678046
262279661
276680327
960850382
119788461
631120137
279294262
782297998
1220298224
704663953
1901526
604328434
173712198
502095160
2322877271
744295652
604582768
1184164475
1943053456
864428652
740099609
970390511
1576554670
32684856
1187442336
1787410827
1398818512
2043427275
294717629
643194139
747886296
596250572
804148939
1251820719
846710987
714779451
1343297149
1912462430
565278801
1315932905
934554314
1025142302
945116700
2122491175
894362253
376136093
961588220
524893114
196635448
207792089
1367229549
811751134
1017230702
1176562351
1257751450
516579875
385105501
836834283
1247396869
105144919
52100141
1019776948
1006433925
270768983
782917618
418389818
1074768982
158772938
1732321733
2211371818
502207456
436011548
874853890
1016649801
1464089951
346419344
932735936
447764035
860317037
972850368
1057943634
2286441142
601395909
1875557200
653481241
1939239057
492371030
343315570
2406410032
598775138
871325148
1845779310
461005741
1140899426
1481543117
1096050539
1034350860
523652882
646327512
769525032
1591168647
1340265151
1045664980
826098124
1036737395
1251525308
979678027
549285868
380750268
884449788
750733178
1099455906
744126505
214782026
1847500071
2271425150
1679867915
461181316
1846344671
200887111
1913284695
313942419
343134009
1986998679
1504861511
10982766
269357242
1151312798
294626778
792445280
1612054867
1287134746
350149534
1104439112
997719783
1035688497
310266518
1156907515
825563035
1032940376
2264453299
584486049
1796253934
1830113914
420304543
1510315326
990505152
948485496
982822433
987994514
975907209
1164764881
415364098
2195877190
1764938291
89498906
137946009
1327762405
1127934609
2659339
2225242143
750862572
419329202
340349237
327979012
969389291
273656697
463292689
568626319
471574035
164708774
695942379
1045340064
394215561
1935842336
1639804911
1526932767
2394558317
1779742100
35136910
1582000366
1277829767
739305981
980541639
719163855
283139380
253158467
523634503
1242023360
495894925
1940164884
870973424
531276717
1689963107
944484545
978007533
445772518
1786507754
2395927885
1421655246
641187384
496107731
375241242
723197313
996602672
490410638
496091383
1927717053
1249223183
125112661
376808987
562401390
834935292
763258584
1178856863
1247748612
181551588
1551931710
664283422
975520251
1298199194
137256143
542826323
616737520
491783100
1014309335
485866233
2410737530
1375715761
461690351
369318393
51057288
1097913361
2072890753
1792696258
1437295734
1474605418
277668067
1429116650
836510883
674995271
951956133
851061876
630723978
840004959
1376692756
591227491
260724431
395015856
2306681539
924633699
1549013491
2393867136
374867817
962915298
834832081
407841626
156452450
1025200978
283502699
1031435706
1115302655
736070799
644977374
412685162
472541642
1050697874
1083141605
977927559
173315601
1493801311
980177792
249225284
747867063
841641127
434954497
896500465
762362967
8990167
56047601
592336588
499369194
353835139
876501565
651788064
2216754109
1771557729
774088837
1479444143
921195133
1349488071
627192177
2229252831
909400504
505101222
1062646014
863063579
1365762737
703926264
634338225
1010213343
1993905393
1056331121
1834459968
1035741206
942606772
137996047
1412924982
417107052
332159405
891790839
986641358
624952400
963633167
787714808
1575799674
451336875
827049270
1323278041
815480365
2219052554
623283032
776919624
450767949
825123511
814624827
615935412
1547541903
1151441342
1971774893
849531015
779508400
1319332941
719026433
1633138551
909673546
358244144
584598008
1256258177
923586961
2369217114
912760240
260729344
1002406082
407778367
910274682
1440838893
398036203
1042571848
58653248
1760559499
351658984
564533648
1064777427
782025975
479420975
1327732525
853522194
330145044
157839277
1596981218
755933646
392406261
823265946
269421668
1350091401
335715130
973495836
573514500
939770681
623702748
2363057857
646768545
1106321055
1742592278
1157108911
1207028597
182314765
763434386
742995837
917279603
347038217
706364316
1056971227
317574518
973149077
1461971650
471486200
872665225
23580151
487771975
314202014
936867552
544030375
756456049
1451315078
642872454
1123982873
1023810445
1041837055
1571199016
616958493
773835137
1132559107
820853182
1633020227
996292995
362409564
120318183
2152951944
32726649
215182615
1466036976
136006980
275956173
542442409
2364416767
7282236
715430040
1600165990
765005590
570558583
2311051440
878703295
2316687327
1360447275
2296707550
1347238433
1406579239
736173781
394241371
823297451
1938528936
1023120902
604339853
695754704
303880314
634638191
605421161
2071465296
554030346
1319464284
506074582
810226001
960448968
1069035641
1608781567
1431682343
912330599
494514014
505335525
1558500569
348764256
1368338445
446142680
1523073479
422417537
2313260481
296023290
1489191397
1659533786
852405890
1154836512
1173188435
189904001
462632092
2214408794
764213885
857124854
1316533247
1720513491
781244184
1134636325
805738532
80902630
1441120089
610421460
1464662520
1501101718
24649663
648074155
965557340
505567352
1376407649
1034066621
1439470459
2415575070
1129919806
1304636468
2259802762
2183928302
1585945293
815124980
1562450151
1286028181
715619198
893642032
1064406280
780617083
930814389
273868779
1329511151
869909541
964233673
872213775
1224483021
1208262480
1591244873
1501484362
279045376
1633328036
821383192
1151017080
983494996
544356779
314591352
1151248728
1327829020
1039014052
396334169
764177495
187016396
675694706
1132188964
1595564227
397117313
1242307274
437252556
1104272319
645587775
1123980458
1440293205
943659761
351985455
1486008053
841144138
1370633423
34258630
1412751813
1099482243
364051370
940301259
290768607
674952476
936665014
631970098
523667099
841828316
1101308010
1426679318
1320714733
395994482
973955535
583441520
171160785
765764440
2322609877
1160040543
690151610
1072562603
470568728
2287477575
1260531376
1815359586
1986533482
952696403
1135339601
349544124
1204431106
798296683
329529677
1186087056
1840670599
1063882314
360533234
1015983615
729703544
3524588
1363498829
1213978582
449142301
305818148
1421174926
437182555
526551046
1092417503
1516391901
1364351084
1042601847
598326649
940864795
1135412478
2331038087
2412864341
1959250702
1021851314
1922454707
1848324411
364044191
1505130633
782003674
1214820194
991062582
1072999762
2113485586
1350806450
549121689
1285475682
597144071
851640821
1328378488
1906303223
517138015
183728991
675256177
331406257
384147070
779099080
782832949
2386048806
897758370
1667546610
869902324
2194028494
2334327660
460413963
1727212666
1126413929
1484458095
280762526
447726122
550464467
854287501
913529613
422830006
625324600
2336964400
871689478
76214562
915491859
2327996047
1091782297
1697350941
505336880
568845168
1049256540
1378917721
380677030
2066327336
1047048864
615905942
348410938
1010685557
1025032391
1991676097
762670604
81064657
707411437
1083573395
1979716318
1395857267
653633744
572058317
1594308939
597578703
975681866
2164168676
759262919
724199251
964775989
1965073395
811571667
204166305
1445654080
1174033783
997305351
2357946580
2077467797
1635642612
459265839
929036576
1051404409
1114972713
1825567648
919785
772100606
1227885020
784811843
961229563
1113698689
1024390259
1299236316
740207758
792794757
1746187370
616841521
617423733
330161026
920956634
706496839
562535058
757259637
574040221
2197145944
1073374934
741114346
997657564
806877274
953164517
2022754
653687050
563432931
632043086
1363409242
2246828835
287790007
995363837
746773441
1316305052
1559715641
756374559
477608346
1253923006
854954331
574898345
1297889273
812573206
190169643
1206420658
328133364
754235316
592699840
1625116638
26118096
1919756253
1396735592
2294214097
911452497
396772881
1119506222
1028879963
647898786
1484878408
2290318555
396969190
772618452
349582566
544078716
982283548
2240515946
954361670
534226792
840970333
1099576956
1298310323
1664311035
1445194940
463617395
1650474373
1411215023
438165261
1056931743
2332201432
491065390
1873157387
270913499
878490964
849638457
164259449
245162186
306000831
649114390
924894364
1256960468
1370500428
1554557237
1055978080
1369434587
825583326
1323703807
2300194138
928167277
597966823
351353737
751734667
604531139
203214572
1143316492
250714751
1349616759
408202982
791331240
791381490
1928748319
1353088577
325905304
1614314923
282797204
1330135176
995512279
1849307403
554518066
974692952
514786055
791215113
348502728
1414128364
675839352
435035516
1535204310
1480108050
1930567970
909505053
21670525
948121981
1613199466
740773689
1299173601
1329723774
1612300977
673712786
1822238440
925745717
476954252
1121444162
748539833
842680874
39494797
1130530454
765074995
494883350
1115494949
1149827860
1341826597
576030418
654580601
1623660138
38910053
312807966
1594047159
949869638
1421350464
906517018
985608029
949869964
787721594
1943587178
1978912861
1094522588
610681030
1275491385
328226912
840671505
1103098721
285925206
1312945441
1037062992
1009634952
1092889794
1417961417
453628948
18654223
913682752
319825685
471493996
1732109940
58296672
782207610
1981217256
1737953880
1013104194
476487839
1632712587
294880957
1249871908
673916775
1148350252
870040648
841231249
2051219182
1142004115
826764541
943222628
897184075
772140792
2287217556
1469355349
1269238112
893907438
908204504
381692684
761702541
960733334
619887043
243584371
965921539
702679
1255100304
1140352885
1433758491
1481313909
735761310
379417033
245535735
510087153
1209700820
1511567078
420865775
1072015143
278076304
1368093244
1817512504
648374605
1580697603
65905532
553734017
845443214
747998045
727649353
745870859
1178187521
791411501
1394902424
976835150
38508467
1149822622
759252738
408036977
1421396321
491780880
419024879
814639459
1764008834
1301640268
1816202461
178183852
2038350500
710780297
1462388985
1515788771
1129038834
1207805317
1249888217
940353396
779173188
2110825316
29717839
2161697808
1846160695
1654004222
1540070682
744280641
274489985
446305163
724601318
1632825187
505458712
121009912
1983769297
1657675425
285050588
307701213
1239472513
59379076
408282412
1390274401
570775356
1404114631
1294487163
1781634181
1579670185
593428010
813033923
877677447
987069913
936758063
824549739
1444686793
865066032
31696376
931579374
757004248
1148013214
324275782
1441058918
1983574890
451420401
359584589
2283603216
87760991
1417262058
574702152
584723581
875533951
1363688001
1700700020
1790572238
276697809
939740685
532970003
415391607
424218061
1139180510
438867611
331232482
1242140396
1870825465
303923320
1361957939
1038036246
1442058625
1825117301
362467331
1207103748
1120708210
459734745
1073981325
401883093
1510169113
1145619440
997911043
2408873358
1542492079
35384317
117191215
1370506029
1733441010
1442721081
2235356825
641919556
1103468156
786677800
1007163193
2298598204
945345253
473821536
595248227
1832508413
1097898548
441220620
1355593002
1355547504
465116038
2375850155
1762656111
2153776108
1642941128
2398604337
1051027178
1599948054
623086496
1308857336
1801439597
2024035028
2415825374
972493523
1638066786
1130774405
472209156
842005696
516332304
768941766
409459685
1006654884
603921454
492235584
526256381
269802074
1105212286
99721591
331844748
120563063
1209982629
421919178
609376154
931643281
48332053
2013787191
1374758040
461450307
752408060
1906264121
932570263
1350012319
249121359
1808260522
2360038090
929309905
380008006
528152724
1031766573
1229753420
839983653
1403819822
947043511
41420872
531188868
1019818085
1162441935
1667795320
872255768
924410601
1505650491
1090577966
787671801
158632979
84416281
250317189
769038407
1226260501
1306014226
576685669
854038213
1747411234
315731096
852595181
384947742
1411528071
417191634
372337092
2074473077
599267065
563816139
979982779
1838998193
287942507
2209918092
2237121560
1012558268
211789390
15444678
1654644247
1464866445
94583906
1301349387
1064975381
1583005084
492994556
775263645
747944026
1498350151
470612432
405221174
86799002
842732897
545316725
597351729
1925170284
386336227
1255075118
949953306
1055223464
270201230
778752178
351025932
410356546
844846746
2161346700
413136785
5489194
941786226
1174040887
317493733
2240431310
1216973748
382448956
1109166855
294492461
1931904644
1514178550
136920488
2394659580
619400536
591079025
573344100
757347712
2287175821
575128052
848227856
31348710
353328333
446933040
1015787535
1454975459
249078976
614850750
320150794
775420425
102601560
1242708102
841137341
304062816
1565150757
1020627732
365468153
1334209014
792301982
675012973
1275875439
1061817371
1653688302
274808656
838044737
996516743
496359824
2206088628
1605233186
1430739930
874948723
652823147
1071121140
1095514902
1178189341
554714826
1123787891
442530969
1989928366
563476517
314637428
479221505
1301045649
1067531681
79729841
215807489
2235422344
563354593
838731920
39893762
4125223
1365682653
1197050368
859067292
393439274
574498741
2199609072
251225473
547353268
939791267
809418098
2240963727
86870949
80326555
592728301
178164227
583157819
477805745
912486288
89061807
1542254356
1907079842
1286516815
180635006
1435542771
710815193
1349697577
2370876592
984276972
1106426526
393629648
356408419
1014413185
503182710
2387220441
1301074368
2163889199
2270983155
378389002
2043559314
1578347363
243812028
1217090691
834544970
1769695766
812019175
1453849802
1249470127
984643961
305361709
2294167036
1412974406
896443
1002577654
1037566478
504094596
2350282340
475651158
540766950
550669519
285742765
1269087571
1286134896
1033161038
5086401
2021044385
2379947655
2159263650
1402469615
656368229
568897492
549987004
903575221
762103033
932408618
1249899366
1214306622
376952448
1467859419
810917702
331945833
516640668
1813072185
1341746911
2362096479
2329445258
394498036
35415175
1873281386
876974346
623543999
453208652
514920916
4988689
278948721
1819049649
1820585356
1006890359
496616614
2200954868
1002866443
1541196379
1575747809
1986237236
727538341
656252110
287284187
479061269
154646479
370225285
919218344
393780933
375557585
1042717115
461163677
996944569
2016521880
632014634
2185389552
1404591019
848602238
729503874
729219176
1810824959
451176825
1565057559
1263262752
1286456195
1023382453
869278062
496294776
75230519
1074427980
531204834
601522150
1083440868
1229111659
943718889
893412899
184557955
1697508093
773432610
1274120980
1297861009
735134962
983618581
1165634558
1346508985
1121546504
944809810
895660658
867133271
850507383
1145285486
1748204009
1580660181
2267885503
1321775791
1243870537
1716206752
1822915542
2372323687
1002818040
1269664332
1453943548
2414104830
228568021
985363932
523231022
2142891605
2413187243
1055057960
313168865
610850653
1040442090
413254325
876128212
704738439
1181134802
1312543912
22637389
1114973204
877020296
1046006332
1250457469
528802953
1029426895
904285596
1204604036
1330815300
1820976270
1014957998
464238457
973034530
543064340
1819625428
952470866
1013835113
1040248883
1612334270
1358316109
849161939
273209061
466142364
1076954547
927514877
1351662898
569265714
22709448
952685691
602389974
244610909
1572910475
552456137
1769592378
273696336
1739392839
4263446
782267584
1917484502
1140444076
360555401
861953190
234186389
1315711172
1054199409
1044276659
1228267639
85259805
2308189185
969397449
1105433187
397873305
273625476
1065183136
1570316775
1921534216
1460838887
1187557832
20149763
1067687502
1455162252
1685401752
871297221
1028126714
765198459
83172756
572940750
965524991
1557938045
274962896
1292028314
1083371400
884641618
527319830
963082268
873165340
1562665050
2273902448
875753023
739616037
545647588
1114634533
1422867266
190790321
754911883
362582609
977413646
896324797
405421467
885751039
897135996
1795335833
1097229085
1953787436
741161929
1606103391
627690702
1275051315
1835369280
577020415
1452828429
692899857
826472929
1522034695
1990827412
1124106406
396890465
986989635
1670787053
603590987
1614539314
541420355
1457300835
2220685210
1940088509
804830918
445868981
616547900
820552985
553569615
1059990245
1935684562
2013219940
273749613
821199012
1229010807
718585979
2321277858
897190475
494292032
674717204
1085064493
407102120
578970498
1402428165
1462011227
896435886
1091136944
1461767577
470729681
245877527
285090848
298546453
593748781
943209834
963284117
2281360236
756711894
1596661622
468368613
478729879
1033959648
281884220
1120495827
392558954
571181007
981942914
627889029
313414363
1193159855
357091715
494062073
1114518145
708810304
1274500443
390416867
1482693191
1058031270
925776327
1078229370
957133710
1966717423
906996141
780143777
2208904638
739093980
527950554
1499438073
980429073
871454978
2054340910
1617603753
562664496
35558244
1372006178
774023581
2152454232
1010227175
1318021065
798161070
2052922546
571002217
294400682
279290586
1350615460
535639912
1927325869
1483674736
1403285528
971625312
1025385065
240731043
1214557102
1134322533
232715142
527236947
562990056
745810025
1432685087
895487390
836387058
954391919
903265446
1049024769
790555577
325803267
703493802
470295865
1607769347
1731098360
2277145603
821498921
405709512
599138561
946878676
745563920
1065925723
2352710588
2036046182
1608483232
1127116430
121008969
384682465
744196568
854367840
865977661
917446922
1261590864
528966774
843834044
138868082
1506652982
1192947283
534174516
1067487324
1273979214
499531245
7054715
335729510
1846236874
656674089
281006617
117148300
541439460
1413369292
281000396
960183638
1485984821
2237796210
1422947831
1957869415
1095862229
89579416
529601884
1317141087
1170082607
1639630894
535798943
2214336427
739671342
391032473
1426980891
461152465
312890726
547178715
1422933761
1071499376
1098826090
1274940442
1014398377
920277908
1095108593
215883783
117714673
120319135
1910832033
2374009871
2164258937
2097719814
251216443
1277924074
1257370083
294880770
242143362
1144147435
139140630
309056083
108158018
630917082
421056455
737704943
2021671406
751887001
1360907136
1063748637
474536659
927290697
394237554
914727235
670952964
1498377951
342284181
352626482
1048199830
2336460718
316615197
980379511
531227664
351566248
1013940192
875513136
406719352
1285783151
787793414
353561476
951786711
1441895144
474211901
593430004
597262012
786513792
1061628995
1446065260
121798262
2178407410
368879361
1129630246
84821854
1462356895
864362818
649571640
820786562
1905130171
2392925619
295296236
736616704
1305760338
644730947
1412967664
2284260958
1147513040
1504692849
1186462298
2280007562
2130727015
783900614
1972172459
1920286574
1458882634
156286810
407468595
1255012817
508528582
997858235
503894305
2281979437
434548604
362878733
434234360
2088098087
872252200
1187904189
244642871
2121482174
1070975095
280028723
516440912
1398516369
734673939
1245009210
329689821
627476179
654700925
603338584
467699304
10564711
2232175043
279323170
83503821
1084162561
512162465
960766686
1750401354
1403485490
2065918660
1141192602
1599359990
397031307
979390471
419773467
751891786
673431219
1559101183
874189630
565019211
2046283256
1427506955
823811901
1575181597
1097220637
775283739
978874626
2062930374
2413744323
758841765
654449153
1329102893
846561195
1272527082
1170871495
1538938103
214140846
1214738912
1320052471
1462243304
1422164362
843926927
634374852
1650647608
307407328
40429992
292295035
1825469415
1060333042
1139983936
1097228821
934783068
786594814
764511325
1291986260
514958658
48999481
751153214
945062140
2261064434
2410488715
964700834
1637230407
1045964095
577142965
760492141
2138388434
2308666855
1829316870
522906412
1033418669
1173682167
6867574
382483781
512386080
211597566
1113064544
274496856
86621160
531467600
2318489136
1004153601
1010523695
840069132
874767698
2287655932
14510690
1247909325
183138635
455679003
310080639
1453066370
1092411276
345368784
594960533
1074537520
1147352923
1040548675
504056823
540688846
978835204
1585255967
1428550208
675840343
1029172714
412892053
994947007
1415616182
1057642496
2069349458
1026070236
1114027231
422955285
1805116955
2153735886
857490014
1024339051
1400089689
834597629
465613575
185987308
852006118
424094480
894812391
1807615076
1430533056
1007560669
773636365
718402096
854936206
857196895
779300698
1462373975
344365613
1209060504
1716066764
962465997
767250839
1581640497
1292552467
270960420
719169023
1845040778
848063664
734816313
654014730
244157602
1315063065
1759327948
729238831
1072204901
1156944682
735632581
570442340
1091625476
573675181
2074652311
137421775
153449017
1132059321
1186046994
467677527
43211374
51412708
409581486
315420930
475117262
903294996
976848279
249347686
1650239278
2286682897
932912474
2274298503
1078509454
31361240
1140866034
1094089714
1138326692
1131400431
843020723
1269165696
369709991
810568968
1752548696
739304768
854539993
296740500
854989215
1003614482
755731262
1436037811
2311534368
3164007
986976962
93865028
1517859624
1374121771
214355245
419533329
252232526
1079011291
5032928
2269938169
1102574412
625090820
236182321
865049510
1213949528
514482119
953367094
823059852
517884814
280527419
1453183774
493465841
244910681
504592875
1300341068
643044917
503382858
761099707
479233201
834632982
674192021
13948170
1807812486
1324387200
1010068051
1933387681
787801849
1142005367
1070019527
835785305
1192835477
403761310
1143144598
1771693387
1398133905
740595707
898716598
757387961
752246091
1055297946
1968900026
1146784017
1354183134
874455015
1131079461
846579827
1034811702
1950543658
279323816
846236117
2032482297
761584046
1050515134
937095464
593364353
995078513
1663468450
791768117
2168266402
526461430
839699014
438374185
1178560551
1016845761
1726521314
1124245670
2102084678
1034996580
11508340
340190817
153660639
1797327281
1163747770
171048873
449106892
958192800
1731170586
809110455
675710608
969500508
573149038
1831712732
450303170
54551371
707385935
2321636602
1748274800
970238481
4040010
2370473654
475826836
1059587098
741652309
1589445926
623984523
2375741834
1193068151
824035165
942987139
873637271
1287163679
2385568767
1796845776
1359595109
1240953839
1276398565
297316227
945206597
809713790
1042006792
243015239
1572585738
1101375579
2051525534
452600581
1058414760
1003590782
504875043
1184462225
386306196
1006255986
1462547921
573614817
958454195
1420432344
1169224590
1341787172
499536117
1796148302
1979474467
1053392088
328704719
425671970
513312199
571160706
787659318
380613429
157844564
346130048
2176197190
736276476
1248825327
478062812
1617219939
112996854
773636375
29980226
383749440
1202109
1840373414
578296209
1758181331
467719166
243507201
201917704
1311725099
487801373
499921207
1666424499
1910918179
578232582
1632883779
744865705
794206427
695386228
1528044176
1148590764
1048118125
1445590305
974476272
273041937
819220420
447172363
1920654673
17033704
460705907
792805902
1184145308
1258256464
1161517071
2364392565
664940546
545734785
1425456656
1263751662
1598618426
2295866824
747855083
838611750
1652898473
2131805027
1714222385
1427000496
1650294306
35869113
1245985209
1095185991
1028346441
993923384
1014002752
1903271712
875732087
1191367697
992969044
1641864170
260680969
1422589725
1269089951
435738259
838844171
1364384320
1583245158
410456434
1057346951
229690874
851800060
1109682530
16711384
773734436
514058760
1186248743
1341951524
1003756496
616272329
810060574
1486185293
787176552
475532314
491908084
763081703
522761613
480917158
994593325
1532508946
2235422067
945367679
1779032787
1057324595
1303717852
782002522
1812584700
1070450713
1078913331
1012946870
2027899867
501774349
1649497460
1399092738
487626757
823685042
120142311
1328220723
985862152
381811569
805406790
892051598
1241125604
1002059863
2319459315
525244039
189943363
761293612
563597595
728464580
2390318635
1581045000
759151483
1334996110
1712862805
1355933748
472565741
979714059
185108176
915214093
1185391863
742628994
893649936
1697327199
962724973
947191498
1813496134
594458910
295031220
291177767
815568539
1209023760
1278480176
1085344639
1324874060
2151518037
1792287045
1051859473
1927033864
1206583172
158561659
1318743093
507088328
1772215093
327442600
953188684
626975020
1900000216
1072478399
1461663073
1456914722
921735397
1850642885
869975393
751188973
1152355059
1041969650
371261343
850838741
1819091040
714202497
1341031550
934591874
1486426097
594321738
371389713
1985848358
1057767831
928557654
381481740
1127731529
417951444
1509056771
2417863211
942855213
1723919722
1321429886
499954541
1115750120
2418214519
893482597
1529145637
1360023821
740951779
1273732407
1614209860
417576530
2021258805
1990051625
14816310
853578975
1141197820
1478858611
773571867
623205738
1121703113
2294945070
389585111
460187148
1427240119
2142273034
812173473
1696788869
424780795
897229673
1091280755
1428027715
528009108
752175808
384788850
1295363677
843608034
1209805090
1003768135
1689077868
1606888571
872400408
504706055
635049585
453172109
563591393
775636542
1083171032
691366918
474645583
481808261
1196635173
1544685587
280898157
981916712
1146728705
421807347
450489712
177790690
1292586222
209562565
775252003
1125288986
325813329
853130036
1973107236
206742201
1312886127
1811985950
2101348712
651485608
2152999739
844899914
1179952023
24891843
455293486
495023063
137013743
1104942223
1656299466
654435095
487832506
2409232128
1967706706
979982313
349707513
1257066671
1396961884
531782883
1394703848
1515170395
1355063467
852507501
904368910
752229036
2284465899
972392533
1458096141
867775703
821222089
1377545177
2062037003
1055603859
1317395617
7439632
454990668
307604687
1668805332
1433865813
441390451
956699515
1337966805
82443603
1036617990
1763653337
734863969
1974003640
82209507
591427208
1004056738
1769464090
2128916564
769869773
1791927612
769855234
1316873445
1264053569
1113256304
78323345
597582091
1463078920
932556473
2300931709
647593902
2398491728
673054382
1601491788
765087613
501948669
834266977
1953710165
525150138
179197563
410840244
565172031
1462576944
1014554802
40924455
1791660695
1342746626
464538690
516791467
874792970
1014332886
1459914498
1107434098
784004999
1327695363
858795960
2172575506
956624079
2223908998
347231749
1348638381
598127577
1444676027
838219514
939510688
1657140647
1468061426
1625845540
836722685
821535043
1767086972
1845529754
499643119
379187038
1587799539
857796028
917911271
904295063
527157267
554668591
1181901126
319732708
1195713020
775809925
1245978366
2088201923
1160326595
1870794238
1406682003
864468580
923205175
843224316
1459538273
990687261
484602708
974140665
602901809
271472827
1947323555
841278147
1767989688
971671543
1045823143
1119591420
1241862654
303127784
1969835030
391311034
2209098085
907351381
956708526
1150882022
878398921
371017982
845933483
690004222
1416260428
1356792714
782401868
925859080
374386930
1341893095
1533721760
924552246
675479883
1125168253
330425703
853870003
1243272496
1003807869
1009008305
2120349960
910236246
891070993
1490134290
906538480
912425487
1559890283
1582090156
358111063
28667334
735424478
121172899
499975454
8087571
1983845556
272121467
593623846
1406513649
1294707441
1272098151
1989888230
1598461649
1290553671
360932990
624389078
1248813492
994154125
1832723100
1977015209
502053382
1811545466
772154595
552059511
1157208913
1412683440
1344184686
908881393
894007926
1053262897
1010400167
1424437116
130150469
865386512
759303339
313758155
495231753
893097654
76414868
1798760776
704306072
1591571464
1948674739
602400185
1249980054
1436054796
1010280411
624927373
1524231331
1911383172
1220609728
843768290
1504690535
2397479948
1246236134
874639933
1196695959
1670302225
244495292
768031841
1535932956
343271919
565899349
1783377323
510953955
1735940176
234558041
791363409
464138636
1002337750
942552167
524234081
1091879478
1151488693
806821767
1291673433
1223154340
605085751
850859354
1214386868
1077548890
891988214
1286216866
980824795
314112637
617351843
1455634756
1207713656
452100105
724905482
2394185881
526570442
1289206128
973046600
1336675377
1142813797
1217962288
943024256
2223136131
1161881759
656927369
1727346812
1661996871
1327448267
875570815
2031387010
603576407
1241486001
1669533800
1937973076
751076514
1012351395
1034252688
879966485
1459889099
1558583145
1564886523
646334288
1476859437
1138559250
943820716
2236910859
83170989
738412540
1033774377
2407512504
345179349
1757548534
2208242639
1028927727
1451142419
905109256
2244215693
1300648170
1541017819
1358025287
763144298
853199956
2276495004
1445529214
1830637673
2075043408
71890621
870830369
1252328815
292528785
1240027177
1347262866
120163022
504015183
1332793385
1902342008
1147541687
1098395992
985799280
424028826
1078516449
1247967505
649138842
1045674971
1985298792
1050306493
424352644
1608480915
237887433
726665792
707475910
6788351
247820858
923220736
1738887361
542124390
1538703221
578800430
204414423
1319272764
1424378489
1101894816
1099673241
2017244097
1921513716
292901674
783724176
1697205745
824905239
1359706026
1806423308
273361159
1105820016
274172826
935389309
1710496709
971849060
351641500
1518621292
416036503
1030604918
1175739227
962381203
1294844426
2390368955
1965251708
913082846
792616568
153313961
827720704
1758889141
382022965
1090489767
980089543
1539937134
1176852148
1635359373
252133390
1220678956
1140574499
379491293
907980875
45358172
2220824280
1412126395
2166453802
1772702375
819165594
1028677200
1227780848
370572190
956431651
1345852698
1479856306
1329248709
793639933
525088609
523479985
1040971361
87863496
1241460379
958490203
2237093010
366050388
1790979635
1048639159
470588813
1300807192
632728133
2209790775
2402148722
2371935970
326394703
157728816
1047919641
584360382
972224694
1871847488
875915993
1763734039
865006255
1085026361
1913261064
97103884
2293538821
1923785546
1048016519
1742315091
1293061491
1028928768
1181532701
65386037
1164458703
1242303926
2338359410
1150024589
1129122309
573151258
1790664196
764925799
769850844
1442860832
1850070611
1600239195
374179791
1057273524
1512299874
136282729
775510102
1025027723
1433933341
1036281886
940671407
463436812
1241912950
2250693020
1612667521
189663613
1094679075
1764030875
857956556
1013507219
370340065
1903713666
1198095377
1967471935
1348038929
1139696503
870156380
2280840006
597942521
236678390
1379890606
1440535574
1299894527
475952074
1518217985
1395926989
1530514889
365823720
1135677068
2300094017
1742082625
939870068
511462501
365743744
767585930
1119231393
1755350004
1434117404
1261406878
1977769627
1051354067
937480169
673275656
570077871
1821431891
415128555
726338741
1179754741
370626931
412900388
191128770
1043578593
2059501769
1390877784
578647483
624661901
1114242862
2366457079
1037725467
942059804
395946199
1218980814
838914662
1102200320
956980966
925585746
1872274070
976994073
807838192
928636625
765015937
1228537086
1448042976
572739652
792061754
1575987832
670699309
335366295
398252727
920232796
834317144
627053516
1186349
1356452944
852712053
1490579243
643893590
1510917566
958911392
934226709
1397902995
1446943251
173105746
2414763759
864422921
1820177354
811548981
810798301
328755293
312381239
694151086
303064879
1099616270
1098418768
1569097386
9648034
1429767905
1565958262
1083904043
1960528539
635956911
1209868866
760613041
592929009
707614689
1075795043
1406965495
1623207205
1760842345
1036956372
1762648394
84944313
156883265
1294572595
2234696236
835871895
920292914
843268575
1047298395
1361791276
969885396
354155474
929685360
814680513
2081405921
1036929346
947474215
740877731
619581574
1514125516
1359146473
804630127
1056314392
354022016
1184323600
347405065
1726395505
1035346027
1103722692
1606445662
179850493
1511214434
862796999
785985436
1003167981
814044612
316063140
452774013
1103009779
894944689
380822133
26647879
1049447610
1357845688
1051541986
316483827
813002307
1160780733
1939660115
304074250
450964172
473603617
36155600
1127363641
1091151446
1879815780
1677006295
709016504
1243324336
931155836
1799091285
1351832749
1486631638
274885916
756948021
525082745
1583191774
465717240
2068195322
312686824
1024806488
1021929392
1767148982
363491343
1510931535
2162130292
519356325
1173285195
1019447236
1277681141
574699613
1014436509
1014792548
1324154699
981701685
834457577
1512384959
469830014
1139870644
892763154
494979592
839420493
565404868
2369335348
321116225
1591164016
910089490
708827093
417212427
1322028917
354192545
705758422
1094997271
1581887484
845893126
898445812
1060674786
504883056
872226263
576757941
2314082205
335657553
332745167
656564245
374977613
1611361082
272772685
160778384
1033905753
623184426
1132006049
2394905112
371994421
1729168290
7758503
1790580569
854008160
1824432475
799027522
1091367366
1208872946
2149820840
1904705702
847021469
2018209001
1668044861
279742310
651011591
1732626355
1246680611
1839062565
1151534593
285810264
517893206
1033096695
1471973767
2352271815
2103208467
1307811976
1429899431
812880878
717369468
1501719577
1785346179
1114260323
1403851899
1441157749
739129113
1101542572
1406423298
1113763721
1915744914
350685980
1208296327
761678772
617904807
760363357
825104894
271884204
243961776
1028265207
852804758
835814998
1115196079
249489478
550976639
1471488890
1049473895
787017053
472546653
648503464
396803806
1057605913
898992270
2335767667
418761360
1662046634
1605489109
804036264
1545072181
909212427
1429438655
821033837
290035890
1044886171
970026874
814862166
1809895735
43038413
445073309
776798176
854000316
909179111
1759774248
1530846130
839371666
914915160
1006914638
839362787
1508414512
2295090609
839134412
371811042
95016763
1261331981
41288121
398581519
1203802717
1144694599
1033472432
798838812
1625043723
1508816442
1148450187
1157464268
1094604693
872500898
1576271227
837488954
785181706
1601124837
946257534
578081020
1145261349
714026326
2335861435
12674878
574196898
1782832653
905153643
437665122
1300657509
943528961
1824168192
1446320530
785581215
1661317145
840360513
869427787
1025904685
945562363
1447833459
1092811022
1342248003
463568396
1327095040
912969708
786028163
1656418664
2401349226
865594838
1123080959
317457532
857231549
785312939
573873704
164227396
814370884
1301021715
984790656
3468226
414132193
2322621186
1217134613
2237982184
2411869932
994748389
1248334638
1441439570
941829379
1039854049
447357567
546372883
764505443
2079906468
357601179
1375262460
1378834170
122355283
1084524791
510807081
820419463
984666807
1285570342
408041691
330405340
595475592
752676972
1054867965
792947348
1312617822
1536310835
295691702
331373588
798257791
1028876973
1808999434
1694204869
1640343639
812560654
1459103511
1654557641
317292194
1123622944
550793693
2318367837
657017754
892613297
1030038593
1119290792
690903129
861269630
604681500
1846901626
1290645535
1695735580
347843976
809802747
1328044935
531022409
2070622336
739908173
1247896236
907394672
939335881
1120745382
364448775
1215030324
1269092882
1360556176
2215327767
1145947900
936531261
1255334614
1395628840
1362037984
307831704
327697161
1072517740
1078633251
583550142
2053017379
469956706
876585534
784356697
1241128661
862691923
